Ticker,ADBE,ADM,AMAT,EOG,JNJ,KO,MSFT,NEM,NVDA
ADBE,0.11118047219589433,0.02286520498644167,0.07249748376759003,0.029395275925795133,0.017090741772281908,0.01830764096642222,0.0639569064579776,0.010327425211396457,0.09154941793573637
ADM,0.02286520498644167,0.07365290657130613,0.036514191929428626,0.045903437430400894,0.017749729592389223,0.020907865615075467,0.024617293777346658,0.014401864005847894,0.027996786729988375
AMAT,0.07249748376759003,0.036514191929428626,0.1632199419513879,0.05086798228758519,0.01832898682590185,0.021175878296383475,0.06521351304868173,0.017343929035954653,0.12699641967077097
EOG,0.029395275925795133,0.045903437430400894,0.05086798228758519,0.16324358944899472,0.015684192592986437,0.019550510401669188,0.0296332908678776,0.023186688358918944,0.04016359873091221
JNJ,0.017090741772281908,0.017749729592389223,0.01832898682590185,0.015684192592986437,0.03267180171198155,0.016551219746305693,0.01877840921948457,0.00863048174598684,0.015020112572717001
KO,0.01830764096642222,0.020907865615075467,0.021175878296383475,0.019550510401669188,0.016551219746305693,0.03191689970803662,0.019629096339613947,0.011812692805920328,0.017171297281247836
MSFT,0.0639569064579776,0.024617293777346658,0.06521351304868173,0.0296332908678776,0.01877840921948457,0.019629096339613947,0.07360757055416399,0.01157450288936255,0.07970624870751843
NEM,0.010327425211396457,0.014401864005847894,0.017343929035954653,0.023186688358918944,0.00863048174598684,0.011812692805920328,0.01157450288936255,0.13102228444879452,0.013059241855681615
NVDA,0.09154941793573637,0.027996786729988375,0.12699641967077097,0.04016359873091221,0.015020112572717001,0.017171297281247836,0.07970624870751843,0.013059241855681615,0.23252476626734062
