Ticker,ADBE,ADM,AMAT,EOG,JNJ,KO,MSFT,NEM,NVDA
ADBE,0.11118047219589433,0.022865182314105077,0.07249749541681413,0.029395280565335434,0.017090705161137112,0.018307626005778708,0.06395686059925199,0.010327438204648692,0.09154938796747433
ADM,0.022865182314105077,0.07365289772530798,0.03651416675195306,0.045903476293160696,0.017749720212060588,0.02090785857050296,0.02461728913177702,0.014401843335652555,0.027996747529764946
AMAT,0.07249749541681413,0.03651416675195306,0.16321996701251293,0.05086799618939792,0.018328961262348946,0.021175850340938173,0.06521349188216598,0.017343854819615215,0.1269963754137214
EOG,0.029395280565335434,0.045903476293160696,0.05086799618939792,0.16324354994126442,0.01568417499978037,0.019550525929543514,0.029633316845265056,0.023186589273336854,0.04016357610169807
JNJ,0.017090705161137112,0.017749720212060588,0.018328961262348946,0.01568417499978037,0.03267176253906592,0.01655121350698706,0.018778389514868283,0.008630443829876603,0.015020110251339109
KO,0.018307626005778708,0.02090785857050296,0.021175850340938173,0.019550525929543514,0.01655121350698706,0.031916889226095875,0.019629082614019716,0.01181270008819382,0.017171278541039732
MSFT,0.06395686059925199,0.02461728913177702,0.06521349188216598,0.029633316845265056,0.018778389514868283,0.019629082614019716,0.07360745144531365,0.011574502202545123,0.07970616348266106
NEM,0.010327438204648692,0.014401843335652555,0.017343854819615215,0.023186589273336854,0.008630443829876603,0.01181270008819382,0.011574502202545123,0.13102228226351434,0.01305920240658605
NVDA,0.09154938796747433,0.027996747529764946,0.1269963754137214,0.04016357610169807,0.015020110251339109,0.017171278541039732,0.07970616348266106,0.01305920240658605,0.23252464338824907
