Ticker,ADBE,ADM,AMAT,EOG,JNJ,KO,MSFT,NEM,NVDA
ADBE,0.11118047219589433,0.022865224163696966,0.07249745483187571,0.02939528987652013,0.017090699244133235,0.01830762206850433,0.06395687558513626,0.010327419473220056,0.09154943085878244
ADM,0.022865224163696966,0.07365294819749289,0.03651418913227241,0.04590350860110823,0.01774970861693598,0.0209078513001489,0.024617261206098983,0.014401827788827412,0.02799677201135225
AMAT,0.07249745483187571,0.03651418913227241,0.16321987214600553,0.05086800110651434,0.018328899128399398,0.021175861805820234,0.06521347050825771,0.0173438623390097,0.12699640233540496
EOG,0.02939528987652013,0.04590350860110823,0.05086800110651434,0.16324360358615433,0.015684193738960375,0.019550490994311765,0.029633283870013405,0.023186556907283468,0.04016364616588283
JNJ,0.017090699244133235,0.01774970861693598,0.018328899128399398,0.015684193738960375,0.032671786037337246,0.016551196593186566,0.018778386967799952,0.008630455086395686,0.015020054425574745
KO,0.01830762206850433,0.0209078513001489,0.021175861805820234,0.019550490994311765,0.016551196593186566,0.03191691927738778,0.019629085901789124,0.011812694161968442,0.01717132626152499
MSFT,0.06395687558513626,0.024617261206098983,0.06521347050825771,0.029633283870013405,0.018778386967799952,0.019629085901789124,0.07360752744923203,0.011574521280251378,0.07970621334239392
NEM,0.010327419473220056,0.014401827788827412,0.0173438623390097,0.023186556907283468,0.008630455086395686,0.011812694161968442,0.011574521280251378,0.13102224484297673,0.013059148785224187
NVDA,0.09154943085878244,0.02799677201135225,0.12699640233540496,0.04016364616588283,0.015020054425574745,0.01717132626152499,0.07970621334239392,0.013059148785224187,0.23252478709326965
